-39 1111111111111111111111111111111111011001 ffffffffd9
-36 1111111111111111111111111111111111011100 ffffffffdc
8 1000 8
34 100010 22
17 10001 11
49 110001 31
5 101 5
39 100111 27
0 0 0
33 100001 21
12 1100 c
-6 1111111111111111111111111111111111111010 fffffffffa
27 11011 1b
-4 1111111111111111111111111111111111111100 fffffffffc
-38 1111111111111111111111111111111111011010 ffffffffda
26 11010 1a
49 110001 31
29 11101 1d
42 101010 2a
-16 1111111111111111111111111111111111110000 fffffffff0
-28 1111111111111111111111111111111111100100 ffffffffe4
34 100010 22
20 10100 14
0 0 0
25 11001 19
45 101101 2d
3 11 3
-46 1111111111111111111111111111111111010010 ffffffffd2
-46 1111111111111111111111111111111111010010 ffffffffd2
29 11101 1d
33 100001 21
29 11101 1d
26 11010 1a
-5 1111111111111111111111111111111111111011 fffffffffb
-36 1111111111111111111111111111111111011100 ffffffffdc
12 1100 c
45 101101 2d
-50 1111111111111111111111111111111111001110 ffffffffce
0 0 0
-6 1111111111111111111111111111111111111010 fffffffffa
-39 1111111111111111111111111111111111011001 ffffffffd9
35 100011 23
26 11010 1a
-35 1111111111111111111111111111111111011101 ffffffffdd
-42 1111111111111111111111111111111111010110 ffffffffd6
14 1110 e
-3 1111111111111111111111111111111111111101 fffffffffd
22 10110 16
-47 1111111111111111111111111111111111010001 ffffffffd1
12 1100 c
-17 1111111111111111111111111111111111101111 ffffffffef
-31 1111111111111111111111111111111111100001 ffffffffe1
-25 1111111111111111111111111111111111100111 ffffffffe7
-35 1111111111111111111111111111111111011101 ffffffffdd
-18 1111111111111111111111111111111111101110 ffffffffee
14 1110 e
37 100101 25
-8 1111111111111111111111111111111111111000 fffffffff8
-41 1111111111111111111111111111111111010111 ffffffffd7
-50 1111111111111111111111111111111111001110 ffffffffce
-9 1111111111111111111111111111111111110111 fffffffff7
2 10 2
12 1100 c
-39 1111111111111111111111111111111111011001 ffffffffd9
-17 1111111111111111111111111111111111101111 ffffffffef
0 0 0
27 11011 1b
28 11100 1c
45 101101 2d
-44 1111111111111111111111111111111111010100 ffffffffd4
28 11100 1c
35 100011 23
-33 1111111111111111111111111111111111011111 ffffffffdf
43 101011 2b
-4 1111111111111111111111111111111111111100 fffffffffc
23 10111 17
-49 1111111111111111111111111111111111001111 ffffffffcf
49 110001 31
-7 1111111111111111111111111111111111111001 fffffffff9
-38 1111111111111111111111111111111111011010 ffffffffda
-45 1111111111111111111111111111111111010011 ffffffffd3
5 101 5
-21 1111111111111111111111111111111111101011 ffffffffeb
26 11010 1a
-2 1111111111111111111111111111111111111110 fffffffffe
-24 1111111111111111111111111111111111101000 ffffffffe8
6 110 6
-45 1111111111111111111111111111111111010011 ffffffffd3
-4 1111111111111111111111111111111111111100 fffffffffc
15 1111 f
0 0 0
-17 1111111111111111111111111111111111101111 ffffffffef
-35 1111111111111111111111111111111111011101 ffffffffdd
43 101011 2b
45 101101 2d
-35 1111111111111111111111111111111111011101 ffffffffdd
-8 1111111111111111111111111111111111111000 fffffffff8
28 11100 1c
47 101111 2f
34 100010 22
-24 1111111111111111111111111111111111101000 ffffffffe8
-42 1111111111111111111111111111111111010110 ffffffffd6
-13 1111111111111111111111111111111111110011 fffffffff3
14 1110 e
-45 1111111111111111111111111111111111010011 ffffffffd3
-35 1111111111111111111111111111111111011101 ffffffffdd
27 11011 1b
-12 1111111111111111111111111111111111110100 fffffffff4
-19 1111111111111111111111111111111111101101 ffffffffed
-20 1111111111111111111111111111111111101100 ffffffffec
-14 1111111111111111111111111111111111110010 fffffffff2
20 10100 14
30 11110 1e
12 1100 c
-36 1111111111111111111111111111111111011100 ffffffffdc
-47 1111111111111111111111111111111111010001 ffffffffd1
-27 1111111111111111111111111111111111100101 ffffffffe5
-3 1111111111111111111111111111111111111101 fffffffffd
6 110 6
36 100100 24
9 1001 9
-16 1111111111111111111111111111111111110000 fffffffff0
36 100100 24
-27 1111111111111111111111111111111111100101 ffffffffe5
7 111 7
-6 1111111111111111111111111111111111111010 fffffffffa
-5 1111111111111111111111111111111111111011 fffffffffb
5 101 5
47 101111 2f
23 10111 17
-48 1111111111111111111111111111111111010000 ffffffffd0
-24 1111111111111111111111111111111111101000 ffffffffe8
40 101000 28
-4 1111111111111111111111111111111111111100 fffffffffc
-18 1111111111111111111111111111111111101110 ffffffffee
-19 1111111111111111111111111111111111101101 ffffffffed
14 1110 e
15 1111 f
1 1 1
24 11000 18
-9 1111111111111111111111111111111111110111 fffffffff7
-50 1111111111111111111111111111111111001110 ffffffffce
18 10010 12
15 1111 f
30 11110 1e
44 101100 2c
9 1001 9
19 10011 13
33 100001 21
41 101001 29
-24 1111111111111111111111111111111111101000 ffffffffe8
43 101011 2b
48 110000 30
-23 1111111111111111111111111111111111101001 ffffffffe9
7 111 7
28 11100 1c
8 1000 8
-2 1111111111111111111111111111111111111110 fffffffffe
37 100101 25
42 101010 2a
-17 1111111111111111111111111111111111101111 ffffffffef
-6 1111111111111111111111111111111111111010 fffffffffa
36 100100 24
22 10110 16
27 11011 1b
31 11111 1f
-47 1111111111111111111111111111111111010001 ffffffffd1
-43 1111111111111111111111111111111111010101 ffffffffd5
0 0 0
27 11011 1b
30 11110 1e
12 1100 c
-15 1111111111111111111111111111111111110001 fffffffff1
-19 1111111111111111111111111111111111101101 ffffffffed
-42 1111111111111111111111111111111111010110 ffffffffd6
-37 1111111111111111111111111111111111011011 ffffffffdb
31 11111 1f
-10 1111111111111111111111111111111111110110 fffffffff6
18 10010 12
33 100001 21
-15 1111111111111111111111111111111111110001 fffffffff1
17 10001 11
25 11001 19
-25 1111111111111111111111111111111111100111 ffffffffe7
-5 1111111111111111111111111111111111111011 fffffffffb
33 100001 21
-13 1111111111111111111111111111111111110011 fffffffff3
33 100001 21
-10 1111111111111111111111111111111111110110 fffffffff6
47 101111 2f
47 101111 2f
-13 1111111111111111111111111111111111110011 fffffffff3
-32 1111111111111111111111111111111111100000 ffffffffe0
1 1 1
1 1 1
-25 1111111111111111111111111111111111100111 ffffffffe7
-33 1111111111111111111111111111111111011111 ffffffffdf
16 10000 10
17 10001 11
4 100 4
Tiempo de ejecución: 0.0003402233123779297s
